3017	4414
4414	4414
5794	701
5794	5794
5615	1335
5615	5615
1335	1335
1335	5615
2119	2119
3488	4478
3488	3488
6151	4478
6151	3488
6031	4478
6031	3488
5889	5889
6836	6836
281	6833
281	281
6833	6833
6833	281
2005	6833
2005	281
6894	6894
6589	6894
5440	5440
5170	5170
2938	2938
2333	6910
2333	6997
2333	2803
2333	2333
2333	2898
2333	4775
2333	6612
2333	2348
6910	6910
6910	6997
6910	2803
6910	2333
6910	2898
6910	4775
6910	6612
6910	2348
2803	6910
2803	6997
2803	2803
2803	2333
2803	2898
2803	4775
2803	6612
2803	2348
6612	6910
6612	6997
6612	2803
6612	2333
6612	2898
6612	4775
6612	6612
6612	2348
1270	6910
1270	6997
1270	2803
1270	2333
1270	2898
1270	4775
1270	6612
1270	2348
807	6910
807	6997
807	2803
807	2333
807	2898
807	4775
807	6612
807	2348
3284	6910
3284	6997
3284	2803
3284	2333
3284	2898
3284	4775
3284	6612
3284	2348
6653	6653
3522	3522
3346	3346
226	3803
226	2667
226	812
226	3416
226	1446
226	1118
226	131
226	5099
226	3840
6552	3803
6552	2667
6552	812
6552	3416
6552	1446
6552	1118
6552	131
6552	5099
6552	3840
3416	3803
3416	2667
3416	812
3416	3416
3416	1446
3416	1118
3416	131
3416	5099
3416	3840
5099	3803
5099	2667
5099	812
5099	3416
5099	1446
5099	1118
5099	131
5099	5099
5099	3840
1510	3803
1510	2667
1510	812
1510	3416
1510	1446
1510	1118
1510	131
1510	5099
1510	3840
3840	3803
3840	2667
3840	812
3840	3416
3840	1446
3840	1118
3840	131
3840	5099
3840	3840
812	3803
812	2667
812	812
812	3416
812	1446
812	1118
812	131
812	5099
812	3840
2064	2197
4137	4137
5010	5010
5010	5004
4585	4585
3570	6458
3570	3570
3570	2761
7089	6458
7089	3570
7089	2761
984	984
2660	2660
3933	3933
3933	1006
1006	3933
1006	1006
5813	5813
2113	2113
1436	2126
1436	207
1436	1495
1436	40
1436	1436
1436	6125
40	2126
40	207
40	1495
40	40
40	1436
40	6125
2497	2126
2497	207
2497	1495
2497	40
2497	1436
2497	6125
207	2126
207	207
207	1495
207	40
207	1436
207	6125
1495	2126
1495	207
1495	1495
1495	40
1495	1436
1495	6125
2126	2126
2126	207
2126	1495
2126	40
2126	1436
2126	6125
5897	5897
6963	7023
98	1158
98	5854
98	346
98	4368
98	3787
98	3665
98	98
98	454
1158	1158
1158	5854
1158	346
1158	4368
1158	3787
1158	3665
1158	98
1158	454
4335	1158
4335	5854
4335	346
4335	4368
4335	3787
4335	3665
4335	98
4335	454
4368	1158
4368	5854
4368	346
4368	4368
4368	3787
4368	3665
4368	98
4368	454
2824	1158
2824	5854
2824	346
2824	4368
2824	3787
2824	3665
2824	98
2824	454
5243	1158
5243	5854
5243	346
5243	4368
5243	3787
5243	3665
5243	98
5243	454
230	1158
230	5854
230	346
230	4368
230	3787
230	3665
230	98
230	454
7042	7042
4687	383
4687	4687
4687	1638
4687	2069
4687	1374
4687	238
383	383
383	4687
383	1638
383	2069
383	1374
383	238
1638	383
1638	4687
1638	1638
1638	2069
1638	1374
1638	238
1374	383
1374	4687
1374	1638
1374	2069
1374	1374
1374	238
238	383
238	4687
238	1638
238	2069
238	1374
238	238
4395	383
4395	4687
4395	1638
4395	2069
4395	1374
4395	238
3830	3830
6940	6940
973	973
1213	304
1213	1587
1213	2088
1213	2342
1213	177
2342	304
2342	1587
2342	2088
2342	2342
2342	177
304	304
304	1587
304	2088
304	2342
304	177
2088	304
2088	1587
2088	2088
2088	2342
2088	177
1587	304
1587	1587
1587	2088
1587	2342
1587	177
409	409
6835	6835
4928	99
4928	6977
6977	99
6977	6977
4974	4952
6329	6329
5735	166
5735	5735
166	166
166	5735
3782	3785
5203	5203
5203	1088
1088	5203
1088	1088
1861	1861
5280	5280
5280	4748
5280	2316
5280	1789
5280	3982
5280	897
6943	5280
6943	4748
6943	2316
6943	1789
6943	3982
6943	897
4748	5280
4748	4748
4748	2316
4748	1789
4748	3982
4748	897
1742	5280
1742	4748
1742	2316
1742	1789
1742	3982
1742	897
4133	5280
4133	4748
4133	2316
4133	1789
4133	3982
4133	897
4935	4935
2015	2015
5197	6063
5197	4598
5197	6288
5197	6936
5197	5201
5197	5197
5197	716
5197	6307
5197	258
4598	6063
4598	4598
4598	6288
4598	6936
4598	5201
4598	5197
4598	716
4598	6307
4598	258
5201	6063
5201	4598
5201	6288
5201	6936
5201	5201
5201	5197
5201	716
5201	6307
5201	258
6936	6063
6936	4598
6936	6288
6936	6936
6936	5201
6936	5197
6936	716
6936	6307
6936	258
716	6063
716	4598
716	6288
716	6936
716	5201
716	5197
716	716
716	6307
716	258
6306	6063
6306	4598
6306	6288
6306	6936
6306	5201
6306	5197
6306	716
6306	6307
6306	258
6063	6063
6063	4598
6063	6288
6063	6936
6063	5201
6063	5197
6063	716
6063	6307
6063	258
6320	6063
6320	4598
6320	6288
6320	6936
6320	5201
6320	5197
6320	716
6320	6307
6320	258
3617	3617
6648	6648
6648	6699
6699	6648
6699	6699
6915	1430
2025	2025
5712	5712
2305	2305
6162	6162
6162	6061
6162	5453
5453	6162
5453	6061
5453	5453
2394	6162
2394	6061
2394	5453
4969	6162
4969	6061
4969	5453
2832	6162
2832	6061
2832	5453
2043	6162
2043	6061
2043	5453
1500	6162
1500	6061
1500	5453
401	401
3405	3405
6962	6962
6045	4582
6045	5687
6045	6779
6045	6045
6045	4500
3877	4582
3877	5687
3877	6779
3877	6045
3877	4500
3994	4582
3994	5687
3994	6779
3994	6045
3994	4500
6779	4582
6779	5687
6779	6779
6779	6045
6779	4500
2097	2098
2016	2016
3306	3306
3306	727
3306	5342
1900	3306
1900	727
1900	5342
860	860
4181	4181
4344	4344
4344	2802
2802	4344
2802	2802
3576	3576
5501	4103
4103	4103
2139	2143
2638	2638
1733	1733
2130	2130
2130	5384
3777	2130
3777	5384
5384	2130
5384	5384
785	785
3363	4927
3363	3363
4927	4927
4927	3363
2571	2571
6633	2379
6633	6005
6633	6633
6038	2379
6038	6005
6038	6633
6005	2379
6005	6005
6005	6633
2379	2379
2379	6005
2379	6633
5722	5722
5722	185
5722	3952
4383	5722
4383	185
4383	3952
3952	5722
3952	185
3952	3952
185	5722
185	185
185	3952
1715	5722
1715	185
1715	3952
1340	5722
1340	185
1340	3952
2959	5722
2959	185
2959	3952
590	6432
590	6123
590	6358
590	3825
590	3655
590	590
590	6389
590	4649
590	1648
590	5717
6432	6432
6432	6123
6432	6358
6432	3825
6432	3655
6432	590
6432	6389
6432	4649
6432	1648
6432	5717
6358	6432
6358	6123
6358	6358
6358	3825
6358	3655
6358	590
6358	6389
6358	4649
6358	1648
6358	5717
4649	6432
4649	6123
4649	6358
4649	3825
4649	3655
4649	590
4649	6389
4649	4649
4649	1648
4649	5717
5717	6432
5717	6123
5717	6358
5717	3825
5717	3655
5717	590
5717	6389
5717	4649
5717	1648
5717	5717
6123	6432
6123	6123
6123	6358
6123	3825
6123	3655
6123	590
6123	6389
6123	4649
6123	1648
6123	5717
599	6432
599	6123
599	6358
599	3825
599	3655
599	590
599	6389
599	4649
599	1648
599	5717
3825	6432
3825	6123
3825	6358
3825	3825
3825	3655
3825	590
3825	6389
3825	4649
3825	1648
3825	5717
1648	6432
1648	6123
1648	6358
1648	3825
1648	3655
1648	590
1648	6389
1648	4649
1648	1648
1648	5717
5575	2576
5575	1812
5575	3283
5575	4138
5001	2576
5001	1812
5001	3283
5001	4138
2576	2576
2576	1812
2576	3283
2576	4138
3283	2576
3283	1812
3283	3283
3283	4138
4138	2576
4138	1812
4138	3283
4138	4138
867	867
5973	4711
5973	5309
5973	1659
1119	695
1119	2521
1119	6441
1119	5232
6441	695
6441	2521
6441	6441
6441	5232
6740	695
6740	2521
6740	6441
6740	5232
1342	695
1342	2521
1342	6441
1342	5232
2521	695
2521	2521
2521	6441
2521	5232
229	695
229	2521
229	6441
229	5232
960	695
960	2521
960	6441
960	5232
5788	695
5788	2521
5788	6441
5788	5232
4959	4959
2611	2611
5576	6202
5576	2659
5576	895
5576	5576
5576	1026
895	6202
895	2659
895	895
895	5576
895	1026
2659	6202
2659	2659
2659	895
2659	5576
2659	1026
6202	6202
6202	2659
6202	895
6202	5576
6202	1026
4818	1679
4818	2250
4818	275
4818	6508
4818	5257
4818	3341
4818	2297
4818	5136
4818	4818
275	1679
275	2250
275	275
275	6508
275	5257
275	3341
275	2297
275	5136
275	4818
5257	1679
5257	2250
5257	275
5257	6508
5257	5257
5257	3341
5257	2297
5257	5136
5257	4818
6508	1679
6508	2250
6508	275
6508	6508
6508	5257
6508	3341
6508	2297
6508	5136
6508	4818
3341	1679
3341	2250
3341	275
3341	6508
3341	5257
3341	3341
3341	2297
3341	5136
3341	4818
2758	1679
2758	2250
2758	275
2758	6508
2758	5257
2758	3341
2758	2297
2758	5136
2758	4818
1679	1679
1679	2250
1679	275
1679	6508
1679	5257
1679	3341
1679	2297
1679	5136
1679	4818
4630	4630
5620	5620
3433	3433
3418	3418
3418	3261
3418	1403
3261	3418
3261	3261
3261	1403
535	535
5998	5998
5998	4464
6615	3424
6615	3657
6615	1162
6615	1973
6615	3999
6615	5546
6615	171
6615	3855
6615	3193
6615	4896
6615	5157
6615	6615
6615	106
6615	4418
6615	2946
6615	837
6615	5507
6615	1060
6615	3025
5109	3424
5109	3657
5109	1162
5109	1973
5109	3999
5109	5546
5109	171
5109	3855
5109	3193
5109	4896
5109	5157
5109	6615
5109	106
5109	4418
5109	2946
5109	837
5109	5507
5109	1060
5109	3025
4504	3424
4504	3657
4504	1162
4504	1973
4504	3999
4504	5546
4504	171
4504	3855
4504	3193
4504	4896
4504	5157
4504	6615
4504	106
4504	4418
4504	2946
4504	837
4504	5507
4504	1060
4504	3025
2124	3424
2124	3657
2124	1162
2124	1973
2124	3999
2124	5546
2124	171
2124	3855
2124	3193
2124	4896
2124	5157
2124	6615
2124	106
2124	4418
2124	2946
2124	837
2124	5507
2124	1060
2124	3025
3855	3424
3855	3657
3855	1162
3855	1973
3855	3999
3855	5546
3855	171
3855	3855
3855	3193
3855	4896
3855	5157
3855	6615
3855	106
3855	4418
3855	2946
3855	837
3855	5507
3855	1060
3855	3025
4177	3424
4177	3657
4177	1162
4177	1973
4177	3999
4177	5546
4177	171
4177	3855
4177	3193
4177	4896
4177	5157
4177	6615
4177	106
4177	4418
4177	2946
4177	837
4177	5507
4177	1060
4177	3025
4418	3424
4418	3657
4418	1162
4418	1973
4418	3999
4418	5546
4418	171
4418	3855
4418	3193
4418	4896
4418	5157
4418	6615
4418	106
4418	4418
4418	2946
4418	837
4418	5507
4418	1060
4418	3025
3657	3424
3657	3657
3657	1162
3657	1973
3657	3999
3657	5546
3657	171
3657	3855
3657	3193
3657	4896
3657	5157
3657	6615
3657	106
3657	4418
3657	2946
3657	837
3657	5507
3657	1060
3657	3025
5546	3424
5546	3657
5546	1162
5546	1973
5546	3999
5546	5546
5546	171
5546	3855
5546	3193
5546	4896
5546	5157
5546	6615
5546	106
5546	4418
5546	2946
5546	837
5546	5507
5546	1060
5546	3025
1162	3424
1162	3657
1162	1162
1162	1973
1162	3999
1162	5546
1162	171
1162	3855
1162	3193
1162	4896
1162	5157
1162	6615
1162	106
1162	4418
1162	2946
1162	837
1162	5507
1162	1060
1162	3025
171	3424
171	3657
171	1162
171	1973
171	3999
171	5546
171	171
171	3855
171	3193
171	4896
171	5157
171	6615
171	106
171	4418
171	2946
171	837
171	5507
171	1060
171	3025
837	3424
837	3657
837	1162
837	1973
837	3999
837	5546
837	171
837	3855
837	3193
837	4896
837	5157
837	6615
837	106
837	4418
837	2946
837	837
837	5507
837	1060
837	3025
4778	3424
4778	3657
4778	1162
4778	1973
4778	3999
4778	5546
4778	171
4778	3855
4778	3193
4778	4896
4778	5157
4778	6615
4778	106
4778	4418
4778	2946
4778	837
4778	5507
4778	1060
4778	3025
1060	3424
1060	3657
1060	1162
1060	1973
1060	3999
1060	5546
1060	171
1060	3855
1060	3193
1060	4896
1060	5157
1060	6615
1060	106
1060	4418
1060	2946
1060	837
1060	5507
1060	1060
1060	3025
106	3424
106	3657
106	1162
106	1973
106	3999
106	5546
106	171
106	3855
106	3193
106	4896
106	5157
106	6615
106	106
106	4418
106	2946
106	837
106	5507
106	1060
106	3025
1243	3424
1243	3657
1243	1162
1243	1973
1243	3999
1243	5546
1243	171
1243	3855
1243	3193
1243	4896
1243	5157
1243	6615
1243	106
1243	4418
1243	2946
1243	837
1243	5507
1243	1060
1243	3025
6728	3422
6728	2801
6728	2343
6728	2371
6728	5140
6728	1873
6728	631
6728	0
6728	5096
6728	5704
6728	4929
6728	2346
6728	4599
6728	6211
6728	448
976	3422
976	2801
976	2343
976	2371
976	5140
976	1873
976	631
976	0
976	5096
976	5704
976	4929
976	2346
976	4599
976	6211
976	448
4664	3422
4664	2801
4664	2343
4664	2371
4664	5140
4664	1873
4664	631
4664	0
4664	5096
4664	5704
4664	4929
4664	2346
4664	4599
4664	6211
4664	448
2410	3422
2410	2801
2410	2343
2410	2371
2410	5140
2410	1873
2410	631
2410	0
2410	5096
2410	5704
2410	4929
2410	2346
2410	4599
2410	6211
2410	448
5679	3422
5679	2801
5679	2343
5679	2371
5679	5140
5679	1873
5679	631
5679	0
5679	5096
5679	5704
5679	4929
5679	2346
5679	4599
5679	6211
5679	448
7011	3422
7011	2801
7011	2343
7011	2371
7011	5140
7011	1873
7011	631
7011	0
7011	5096
7011	5704
7011	4929
7011	2346
7011	4599
7011	6211
7011	448
2801	3422
2801	2801
2801	2343
2801	2371
2801	5140
2801	1873
2801	631
2801	0
2801	5096
2801	5704
2801	4929
2801	2346
2801	4599
2801	6211
2801	448
2346	3422
2346	2801
2346	2343
2346	2371
2346	5140
2346	1873
2346	631
2346	0
2346	5096
2346	5704
2346	4929
2346	2346
2346	4599
2346	6211
2346	448
6640	3422
6640	2801
6640	2343
6640	2371
6640	5140
6640	1873
6640	631
6640	0
6640	5096
6640	5704
6640	4929
6640	2346
6640	4599
6640	6211
6640	448
2371	3422
2371	2801
2371	2343
2371	2371
2371	5140
2371	1873
2371	631
2371	0
2371	5096
2371	5704
2371	4929
2371	2346
2371	4599
2371	6211
2371	448
448	3422
448	2801
448	2343
448	2371
448	5140
448	1873
448	631
448	0
448	5096
448	5704
448	4929
448	2346
448	4599
448	6211
448	448
6998	3422
6998	2801
6998	2343
6998	2371
6998	5140
6998	1873
6998	631
6998	0
6998	5096
6998	5704
6998	4929
6998	2346
6998	4599
6998	6211
6998	448
2291	3422
2291	2801
2291	2343
2291	2371
2291	5140
2291	1873
2291	631
2291	0
2291	5096
2291	5704
2291	4929
2291	2346
2291	4599
2291	6211
2291	448
5831	3422
5831	2801
5831	2343
5831	2371
5831	5140
5831	1873
5831	631
5831	0
5831	5096
5831	5704
5831	4929
5831	2346
5831	4599
5831	6211
5831	448
5533	3422
5533	2801
5533	2343
5533	2371
5533	5140
5533	1873
5533	631
5533	0
5533	5096
5533	5704
5533	4929
5533	2346
5533	4599
5533	6211
5533	448
5936	3422
5936	2801
5936	2343
5936	2371
5936	5140
5936	1873
5936	631
5936	0
5936	5096
5936	5704
5936	4929
5936	2346
5936	4599
5936	6211
5936	448
5096	3422
5096	2801
5096	2343
5096	2371
5096	5140
5096	1873
5096	631
5096	0
5096	5096
5096	5704
5096	4929
5096	2346
5096	4599
5096	6211
5096	448
4537	3422
4537	2801
4537	2343
4537	2371
4537	5140
4537	1873
4537	631
4537	0
4537	5096
4537	5704
4537	4929
4537	2346
4537	4599
4537	6211
4537	448
5544	601
5544	1444
5544	5458
601	601
601	1444
601	5458
1591	601
1591	1444
1591	5458
5513	601
5513	1444
5513	5458
2468	2468
1805	3228
1452	1452
5567	1316
5567	5567
5567	6219
2793	2793
5694	2793
5825	5825
2911	2911
2615	2615
2628	2147
2628	2628
2628	2256
2628	6798
6798	2147
6798	2628
6798	2256
6798	6798
4526	2147
4526	2628
4526	2256
4526	6798
2256	2147
2256	2628
2256	2256
2256	6798
5671	5671
5671	901
5671	3112
901	5671
901	901
901	3112
3998	3998
4966	4966
1790	6582
321	321
2465	2465
2726	2726
3864	2466
3864	1534
2310	2310
5611	5611
5410	5410
4530	6626
4530	794
4530	4530
4530	3169
4530	3198
794	6626
794	794
794	4530
794	3169
794	3198
1383	6626
1383	794
1383	4530
1383	3169
1383	3198
6626	6626
6626	794
6626	4530
6626	3169
6626	3198
1126	2344
1126	2134
1126	3581
1126	2325
1126	1065
1126	1546
1126	2114
1126	5173
1126	5511
1126	574
1126	6621
1126	6792
1126	5476
2325	2344
2325	2134
2325	3581
2325	2325
2325	1065
2325	1546
2325	2114
2325	5173
2325	5511
2325	574
2325	6621
2325	6792
2325	5476
6557	2344
6557	2134
6557	3581
6557	2325
6557	1065
6557	1546
6557	2114
6557	5173
6557	5511
6557	574
6557	6621
6557	6792
6557	5476
5708	2344
5708	2134
5708	3581
5708	2325
5708	1065
5708	1546
5708	2114
5708	5173
5708	5511
5708	574
5708	6621
5708	6792
5708	5476
6658	2344
6658	2134
6658	3581
6658	2325
6658	1065
6658	1546
6658	2114
6658	5173
6658	5511
6658	574
6658	6621
6658	6792
6658	5476
574	2344
574	2134
574	3581
574	2325
574	1065
574	1546
574	2114
574	5173
574	5511
574	574
574	6621
574	6792
574	5476
5476	2344
5476	2134
5476	3581
5476	2325
5476	1065
5476	1546
5476	2114
5476	5173
5476	5511
5476	574
5476	6621
5476	6792
5476	5476
6387	2344
6387	2134
6387	3581
6387	2325
6387	1065
6387	1546
6387	2114
6387	5173
6387	5511
6387	574
6387	6621
6387	6792
6387	5476
5511	2344
5511	2134
5511	3581
5511	2325
5511	1065
5511	1546
5511	2114
5511	5173
5511	5511
5511	574
5511	6621
5511	6792
5511	5476
6580	2344
6580	2134
6580	3581
6580	2325
6580	1065
6580	1546
6580	2114
6580	5173
6580	5511
6580	574
6580	6621
6580	6792
6580	5476
1065	2344
1065	2134
1065	3581
1065	2325
1065	1065
1065	1546
1065	2114
1065	5173
1065	5511
1065	574
1065	6621
1065	6792
1065	5476
1546	2344
1546	2134
1546	3581
1546	2325
1546	1065
1546	1546
1546	2114
1546	5173
1546	5511
1546	574
1546	6621
1546	6792
1546	5476
6792	2344
6792	2134
6792	3581
6792	2325
6792	1065
6792	1546
6792	2114
6792	5173
6792	5511
6792	574
6792	6621
6792	6792
6792	5476
6621	2344
6621	2134
6621	3581
6621	2325
6621	1065
6621	1546
6621	2114
6621	5173
6621	5511
6621	574
6621	6621
6621	6792
6621	5476
900	2344
900	2134
900	3581
900	2325
900	1065
900	1546
900	2114
900	5173
900	5511
900	574
900	6621
900	6792
900	5476
1350	2344
1350	2134
1350	3581
1350	2325
1350	1065
1350	1546
1350	2114
1350	5173
1350	5511
1350	574
1350	6621
1350	6792
1350	5476
759	2344
759	2134
759	3581
759	2325
759	1065
759	1546
759	2114
759	5173
759	5511
759	574
759	6621
759	6792
759	5476
1174	2344
1174	2134
1174	3581
1174	2325
1174	1065
1174	1546
1174	2114
1174	5173
1174	5511
1174	574
1174	6621
1174	6792
1174	5476
2932	2932
43	5166
43	4820
2239	4708
221	221
7026	7026
5339	5339
6811	6811
5741	3084
5741	5721
5741	506
3084	3084
3084	5721
3084	506
2499	2499
1108	2105
1108	2364
1108	6242
1108	1108
2105	2105
2105	2364
2105	6242
2105	1108
6242	2105
6242	2364
6242	6242
6242	1108
2364	2105
2364	2364
2364	6242
2364	1108
7000	7000
3727	3727
4822	4822
5007	5007
2225	2225
2225	2609
2225	666
2225	2759
666	2225
666	2609
666	666
666	2759
6659	2225
6659	2609
6659	666
6659	2759
1745	1378
1745	1745
1378	1378
1378	1745
3388	3388
248	1509
248	250
248	1143
248	1618
248	325
248	3862
248	3944
248	285
1814	1509
1814	250
1814	1143
1814	1618
1814	325
1814	3862
1814	3944
1814	285
1509	1509
1509	250
1509	1143
1509	1618
1509	325
1509	3862
1509	3944
1509	285
6554	1509
6554	250
6554	1143
6554	1618
6554	325
6554	3862
6554	3944
6554	285
3944	1509
3944	250
3944	1143
3944	1618
3944	325
3944	3862
3944	3944
3944	285
3148	1509
3148	250
3148	1143
3148	1618
3148	325
3148	3862
3148	3944
3148	285
3862	1509
3862	250
3862	1143
3862	1618
3862	325
3862	3862
3862	3944
3862	285
1618	1509
1618	250
1618	1143
1618	1618
1618	325
1618	3862
1618	3944
1618	285
298	1509
298	250
298	1143
298	1618
298	325
298	3862
298	3944
298	285
1721	1509
1721	250
1721	1143
1721	1618
1721	325
1721	3862
1721	3944
1721	285
1143	1509
1143	250
1143	1143
1143	1618
1143	325
1143	3862
1143	3944
1143	285
295	1509
295	250
295	1143
295	1618
295	325
295	3862
295	3944
295	285
5568	5568
5568	1182
5795	5795
595	1215
3716	1215
6251	4279
6251	6251
6251	2290
6251	1656
6251	5216
6251	335
6251	3215
6251	1027
6251	5893
6251	3146
6251	3407
6251	6785
6251	6111
6251	1372
6251	6766
6251	1670
6251	1300
6251	579
5893	4279
5893	6251
5893	2290
5893	1656
5893	5216
5893	335
5893	3215
5893	1027
5893	5893
5893	3146
5893	3407
5893	6785
5893	6111
5893	1372
5893	6766
5893	1670
5893	1300
5893	579
1656	4279
1656	6251
1656	2290
1656	1656
1656	5216
1656	335
1656	3215
1656	1027
1656	5893
1656	3146
1656	3407
1656	6785
1656	6111
1656	1372
1656	6766
1656	1670
1656	1300
1656	579
335	4279
335	6251
335	2290
335	1656
335	5216
335	335
335	3215
335	1027
335	5893
335	3146
335	3407
335	6785
335	6111
335	1372
335	6766
335	1670
335	1300
335	579
4279	4279
4279	6251
4279	2290
4279	1656
4279	5216
4279	335
4279	3215
4279	1027
4279	5893
4279	3146
4279	3407
4279	6785
4279	6111
4279	1372
4279	6766
4279	1670
4279	1300
4279	579
3744	4279
3744	6251
3744	2290
3744	1656
3744	5216
3744	335
3744	3215
3744	1027
3744	5893
3744	3146
3744	3407
3744	6785
3744	6111
3744	1372
3744	6766
3744	1670
3744	1300
3744	579
3990	4279
3990	6251
3990	2290
3990	1656
3990	5216
3990	335
3990	3215
3990	1027
3990	5893
3990	3146
3990	3407
3990	6785
3990	6111
3990	1372
3990	6766
3990	1670
3990	1300
3990	579
3132	4279
3132	6251
3132	2290
3132	1656
3132	5216
3132	335
3132	3215
3132	1027
3132	5893
3132	3146
3132	3407
3132	6785
3132	6111
3132	1372
3132	6766
3132	1670
3132	1300
3132	579
3634	4279
3634	6251
3634	2290
3634	1656
3634	5216
3634	335
3634	3215
3634	1027
3634	5893
3634	3146
3634	3407
3634	6785
3634	6111
3634	1372
3634	6766
3634	1670
3634	1300
3634	579
3455	4941
3455	4692
3455	3455
3455	2990
3455	6711
3455	6227
3455	5550
3455	1066
3483	4941
3483	4692
3483	3455
3483	2990
3483	6711
3483	6227
3483	5550
3483	1066
4692	4941
4692	4692
4692	3455
4692	2990
4692	6711
4692	6227
4692	5550
4692	1066
6227	4941
6227	4692
6227	3455
6227	2990
6227	6711
6227	6227
6227	5550
6227	1066
2990	4941
2990	4692
2990	3455
2990	2990
2990	6711
2990	6227
2990	5550
2990	1066
1223	4941
1223	4692
1223	3455
1223	2990
1223	6711
1223	6227
1223	5550
1223	1066
5550	4941
5550	4692
5550	3455
5550	2990
5550	6711
5550	6227
5550	5550
5550	1066
6711	4941
6711	4692
6711	3455
6711	2990
6711	6711
6711	6227
6711	5550
6711	1066
5483	4941
5483	4692
5483	3455
5483	2990
5483	6711
5483	6227
5483	5550
5483	1066
1066	4941
1066	4692
1066	3455
1066	2990
1066	6711
1066	6227
1066	5550
1066	1066
4941	4941
4941	4692
4941	3455
4941	2990
4941	6711
4941	6227
4941	5550
4941	1066
6060	4941
6060	4692
6060	3455
6060	2990
6060	6711
6060	6227
6060	5550
6060	1066
5574	5574
5574	1433
1433	5574
1433	1433
5908	5574
5908	1433
1003	1003
7121	1930
7121	7121
5663	5663
1870	1885
2199	6911
2199	2199
2199	5595
6911	6911
6911	2199
6911	5595
5595	6911
5595	2199
5595	5595
204	204
6543	6543
6543	1521
6543	1424
6543	1053
4473	6543
4473	1521
4473	1424
4473	1053
1488	6543
1488	1521
1488	1424
1488	1053
6204	6204
2273	3688
2273	4466
3688	3688
3688	4466
3636	3640
5757	3640
3985	3640
257	257
1369	1369
2406	3943
2406	2408
2406	278
278	3943
278	2408
278	278
3392	3392
3392	1054
3122	3059
209	209
659	2279
659	659
234	2279
234	659
2279	2279
2279	659
6984	6984
1877	1877
208	208
6844	6844
6712	3243
6712	1631
1631	3243
1631	1631
861	861
1759	1759
5	5
2520	5
6480	6480
3507	5411
3507	3507
5411	5411
5411	3507
443	443
1837	968
968	968
5903	5903
843	436
3482	3482
3300	3300
5489	5489
5489	2780
5489	495
5489	4511
4511	5489
4511	2780
4511	495
4511	4511
2349	2349
6236	6236
6972	6972
6972	5237
6972	1802
6972	372
6972	6649
6972	3997
936	6972
936	5237
936	1802
936	372
936	6649
936	3997
3997	6972
3997	5237
3997	1802
3997	372
3997	6649
3997	3997
4442	6972
4442	5237
4442	1802
4442	372
4442	6649
4442	3997
4	6972
4	5237
4	1802
4	372
4	6649
4	3997
3241	3241
5042	1226
5042	5042
2472	2472
6733	6733
6364	6119
6364	6364
2729	2729
5498	5498
3192	3192
793	793
2548	5746
2548	2548
2548	5842
5793	5746
5793	2548
5793	5842
6548	5746
6548	2548
6548	5842
4903	5746
4903	2548
4903	5842
237	5746
237	2548
237	5842
1502	1475
2543	3516
2543	4674
2543	2517
2543	3185
990	3516
990	4674
990	2517
990	3185
1749	3516
1749	4674
1749	2517
1749	3185
3516	3516
3516	4674
3516	2517
3516	3185
7106	4732
7106	5632
7106	7106
7106	2614
7106	3574
7106	729
7106	45
7106	2317
4206	4732
4206	5632
4206	7106
4206	2614
4206	3574
4206	729
4206	45
4206	2317
2614	4732
2614	5632
2614	7106
2614	2614
2614	3574
2614	729
2614	45
2614	2317
5737	4732
5737	5632
5737	7106
5737	2614
5737	3574
5737	729
5737	45
5737	2317
6055	4732
6055	5632
6055	7106
6055	2614
6055	3574
6055	729
6055	45
6055	2317
6313	4732
6313	5632
6313	7106
6313	2614
6313	3574
6313	729
6313	45
6313	2317
729	4732
729	5632
729	7106
729	2614
729	3574
729	729
729	45
729	2317
7118	7118
1418	1418
5748	5748
5774	5774
5186	5186
2454	2454
3337	3337
3337	2498
2498	3337
2498	2498
6422	3337
6422	2498
1924	1924
3836	6946
4116	4116
5049	5049
1179	1179
4112	4112
195	195
754	754
754	2800
4463	4463
846	846
7036	7036
7036	4096
5946	2641
6970	1169
290	290
1465	1465
1465	1236
1465	5686
1465	2298
5686	1465
5686	1236
5686	5686
5686	2298
5358	5358
4794	4794
4552	4794
3089	4794
2590	2590
2338	2338
5856	5856
5856	868
5856	36
5856	1508
6999	5856
6999	868
6999	36
6999	1508
36	5856
36	868
36	36
36	1508
868	5856
868	868
868	36
868	1508
6266	6266
1825	1827
1825	5945
5945	1827
5945	5945
6938	6938
471	1736
471	1664
471	801
471	471
471	5503
471	6144
471	120
471	3694
471	5993
801	1736
801	1664
801	801
801	471
801	5503
801	6144
801	120
801	3694
801	5993
1664	1736
1664	1664
1664	801
1664	471
1664	5503
1664	6144
1664	120
1664	3694
1664	5993
1736	1736
1736	1664
1736	801
1736	471
1736	5503
1736	6144
1736	120
1736	3694
1736	5993
120	1736
120	1664
120	801
120	471
120	5503
120	6144
120	120
120	3694
120	5993
5779	1736
5779	1664
5779	801
5779	471
5779	5503
5779	6144
5779	120
5779	3694
5779	5993
5538	1736
5538	1664
5538	801
5538	471
5538	5503
5538	6144
5538	120
5538	3694
5538	5993
5993	1736
5993	1664
5993	801
5993	471
5993	5503
5993	6144
5993	120
5993	3694
5993	5993
1263	1263
5362	5362
5362	4183
5362	985
5362	5119
985	5362
985	4183
985	985
985	5119
4183	5362
4183	4183
4183	985
4183	5119
1013	5362
1013	4183
1013	985
1013	5119
1735	1735
5791	3948
5791	5791
5791	2997
3948	3948
3948	5791
3948	2997
2997	3948
2997	5791
2997	2997
6914	6914
6431	6431
6696	6696
1582	1582
2790	2790
2836	2836
4546	2836
3765	3765
3371	3371
2202	6537
2202	650
1708	1708
309	309
2762	4740
2762	2762
2762	3512
2762	5398
2762	927
2762	4533
2762	2020
4510	4740
4510	2762
4510	3512
4510	5398
4510	927
4510	4533
4510	2020
4069	4740
4069	2762
4069	3512
4069	5398
4069	927
4069	4533
4069	2020
927	4740
927	2762
927	3512
927	5398
927	927
927	4533
927	2020
2336	2336
3355	3355
691	691
6520	6520
252	252
5240	5240
5240	398
2940	3769
2940	6524
2940	2940
2940	3770
1639	1639
5000	978
5000	4016
5000	1818
6260	978
6260	4016
6260	1818
4016	978
4016	4016
4016	1818
978	978
978	4016
978	1818
4554	4554
1795	1795
4089	4089
2601	2601
6873	6873
3569	2703
2144	2144
1007	1007
3130	4782
3130	3709
2187	2187
2412	2412
2172	2172
2172	6748
2176	2184
2176	2177
74	6663
74	6037
74	74
74	6697
6697	6663
6697	6037
6697	74
6697	6697
6037	6663
6037	6037
6037	74
6037	6697
6663	6663
6663	6037
6663	74
6663	6697
3348	3348
5767	5767
4185	643
4185	4185
643	643
643	4185
6410	6410
5865	5865
2320	5220
2320	2131
2320	2229
2320	5666
2320	6318
2320	2320
2320	5256
2229	5220
2229	2131
2229	2229
2229	5666
2229	6318
2229	2320
2229	5256
2131	5220
2131	2131
2131	2229
2131	5666
2131	6318
2131	2320
2131	5256
5220	5220
5220	2131
5220	2229
5220	5666
5220	6318
5220	2320
5220	5256
5666	5220
5666	2131
5666	2229
5666	5666
5666	6318
5666	2320
5666	5256
6706	5220
6706	2131
6706	2229
6706	5666
6706	6318
6706	2320
6706	5256
4956	4956
3906	3906
648	6918
1519	1519
2846	2846
2523	2523
3851	3851
4412	4412
4922	656
4922	4922
4922	2180
2180	656
2180	4922
2180	2180
581	656
581	4922
581	2180
656	656
656	4922
656	2180
6305	6305
6305	3325
5027	1001
5027	5027
5027	287
6	1001
6	5027
6	287
287	1001
287	5027
287	287
1448	1001
1448	5027
1448	287
3633	6705
3633	3633
3633	2129
6705	6705
6705	3633
6705	2129
814	1484
814	1544
814	4298
814	6083
814	769
814	3738
2226	1484
2226	1544
2226	4298
2226	6083
2226	769
2226	3738
1530	1484
1530	1544
1530	4298
1530	6083
1530	769
1530	3738
845	1484
845	1544
845	4298
845	6083
845	769
845	3738
3652	1484
3652	1544
3652	4298
3652	6083
3652	769
3652	3738
1052	1484
1052	1544
1052	4298
1052	6083
1052	769
1052	3738
4298	1484
4298	1544
4298	4298
4298	6083
4298	769
4298	3738
3444	3444
53	53
528	528
6350	6350
6843	6843
1000	1000
1894	1894
5989	5989
2661	2661
6046	6046
6605	6605
6605	4068
4068	6605
4068	4068
4085	4085
5911	5911
6424	2551
2551	2551
6982	6982
1905	1905
5314	174
5314	5314
4040	4040
5760	5760
2122	5506
2122	2122
4625	4625
4625	974
459	2165
2165	2165
2275	2275
2275	5588
3740	2275
3740	5588
5588	2275
5588	5588
5294	5294
5294	2089
2089	5294
2089	2089
949	949
2247	2247
3034	3034
3071	3071
3071	1457
6367	6367
4920	4920
4920	4879
4920	5927
7035	4920
7035	4879
7035	5927
4879	4920
4879	4879
4879	5927
5927	4920
5927	4879
5927	5927
2117	2117
3303	1307
3303	1529
3303	3303
3303	3123
3303	4143
3303	1657
1529	1307
1529	1529
1529	3303
1529	3123
1529	4143
1529	1657
3123	1307
3123	1529
3123	3303
3123	3123
3123	4143
3123	1657
4143	1307
4143	1529
4143	3303
4143	3123
4143	4143
4143	1657
2855	2855
5200	5200
935	3902
935	991
935	2568
935	3459
935	934
935	4572
935	796
935	6025
935	224
935	7022
935	1139
935	6233
935	4033
935	1940
991	3902
991	991
991	2568
991	3459
991	934
991	4572
991	796
991	6025
991	224
991	7022
991	1139
991	6233
991	4033
991	1940
3902	3902
3902	991
3902	2568
3902	3459
3902	934
3902	4572
3902	796
3902	6025
3902	224
3902	7022
3902	1139
3902	6233
3902	4033
3902	1940
3459	3902
3459	991
3459	2568
3459	3459
3459	934
3459	4572
3459	796
3459	6025
3459	224
3459	7022
3459	1139
3459	6233
3459	4033
3459	1940
7055	3902
7055	991
7055	2568
7055	3459
7055	934
7055	4572
7055	796
7055	6025
7055	224
7055	7022
7055	1139
7055	6233
7055	4033
7055	1940
6225	3902
6225	991
6225	2568
6225	3459
6225	934
6225	4572
6225	796
6225	6025
6225	224
6225	7022
6225	1139
6225	6233
6225	4033
6225	1940
6539	3902
6539	991
6539	2568
6539	3459
6539	934
6539	4572
6539	796
6539	6025
6539	224
6539	7022
6539	1139
6539	6233
6539	4033
6539	1940
4572	3902
4572	991
4572	2568
4572	3459
4572	934
4572	4572
4572	796
4572	6025
4572	224
4572	7022
4572	1139
4572	6233
4572	4033
4572	1940
1081	3902
1081	991
1081	2568
1081	3459
1081	934
1081	4572
1081	796
1081	6025
1081	224
1081	7022
1081	1139
1081	6233
1081	4033
1081	1940
7022	3902
7022	991
7022	2568
7022	3459
7022	934
7022	4572
7022	796
7022	6025
7022	224
7022	7022
7022	1139
7022	6233
7022	4033
7022	1940
537	3902
537	991
537	2568
537	3459
537	934
537	4572
537	796
537	6025
537	224
537	7022
537	1139
537	6233
537	4033
537	1940
4992	3902
4992	991
4992	2568
4992	3459
4992	934
4992	4572
4992	796
4992	6025
4992	224
4992	7022
4992	1139
4992	6233
4992	4033
4992	1940
4367	3902
4367	991
4367	2568
4367	3459
4367	934
4367	4572
4367	796
4367	6025
4367	224
4367	7022
4367	1139
4367	6233
4367	4033
4367	1940
2550	3902
2550	991
2550	2568
2550	3459
2550	934
2550	4572
2550	796
2550	6025
2550	224
2550	7022
2550	1139
2550	6233
2550	4033
2550	1940
5951	3902
5951	991
5951	2568
5951	3459
5951	934
5951	4572
5951	796
5951	6025
5951	224
5951	7022
5951	1139
5951	6233
5951	4033
5951	1940
6025	3902
6025	991
6025	2568
6025	3459
6025	934
6025	4572
6025	796
6025	6025
6025	224
6025	7022
6025	1139
6025	6233
6025	4033
6025	1940
4456	3902
4456	991
4456	2568
4456	3459
4456	934
4456	4572
4456	796
4456	6025
4456	224
4456	7022
4456	1139
4456	6233
4456	4033
4456	1940
5057	5057
6407	6407
4352	4352
4352	4578
2788	4907
2788	2788
4163	4907
4163	2788
4907	4907
4907	2788
1604	1604
1604	5329
1604	2263
5329	1604
5329	5329
5329	2263
5643	5643
5643	3846
5643	6486
5643	6763
5643	1413
5643	4718
5643	5054
5643	4093
5643	115
5643	2847
5643	5425
4093	5643
4093	3846
4093	6486
4093	6763
4093	1413
4093	4718
4093	5054
4093	4093
4093	115
4093	2847
4093	5425
6763	5643
6763	3846
6763	6486
6763	6763
6763	1413
6763	4718
6763	5054
6763	4093
6763	115
6763	2847
6763	5425
5054	5643
5054	3846
5054	6486
5054	6763
5054	1413
5054	4718
5054	5054
5054	4093
5054	115
5054	2847
5054	5425
3846	5643
3846	3846
3846	6486
3846	6763
3846	1413
3846	4718
3846	5054
3846	4093
3846	115
3846	2847
3846	5425
1413	5643
1413	3846
1413	6486
1413	6763
1413	1413
1413	4718
1413	5054
1413	4093
1413	115
1413	2847
1413	5425
6976	6976
314	314
3000	3000
714	714
815	815
2878	2878
6599	6599
6469	6469
3092	6469
4817	6469
2627	2627
585	6176
585	585
6176	6176
6176	585
6177	6176
6177	585
7099	2797
7099	7099
2797	2797
2797	7099
709	680
2553	2553
2553	2219
724	724
6268	6268
6267	6267
6267	6924
5682	5682
6341	5682
1875	1875
1511	5645
1511	6392
1511	1511
6975	7006
7041	7041
7041	3871
7041	2731
7041	4129
4129	7041
4129	3871
4129	2731
4129	4129
3871	7041
3871	3871
3871	2731
3871	4129
2731	7041
2731	3871
2731	2731
2731	4129
5005	5005
5681	5681
723	3176
723	889
723	723
723	5745
723	6457
723	3629
723	1523
723	3889
3629	3176
3629	889
3629	723
3629	5745
3629	6457
3629	3629
3629	1523
3629	3889
1523	3176
1523	889
1523	723
1523	5745
1523	6457
1523	3629
1523	1523
1523	3889
6968	6968
1787	7059
7059	7059
2385	2385
5559	4569
5559	5559
5559	31
5559	128
5559	2905
4569	4569
4569	5559
4569	31
4569	128
4569	2905
2905	4569
2905	5559
2905	31
2905	128
2905	2905
128	4569
128	5559
128	31
128	128
128	2905
3800	4569
3800	5559
3800	31
3800	128
3800	2905
913	4569
913	5559
913	31
913	128
913	2905
31	4569
31	5559
31	31
31	128
31	2905
6270	4569
6270	5559
6270	31
6270	128
6270	2905
3951	3265
558	558
159	159
159	1232
159	1768
1232	159
1232	1232
1232	1768
5612	1527
5612	5612
4539	1527
4539	5612
5156	6128
4705	4705
294	294
1868	1868
688	3668
3668	3668
718	718
718	397
5417	5417
839	839
839	1255
1255	839
1255	1255
6198	6196
6556	6556
2101	2101
3975	3975
2909	2909
2171	2171
1520	1520
6987	6987
6205	6205
5776	5776
5639	5776
3504	5776
173	2138
173	6802
173	173
173	6370
2138	2138
2138	6802
2138	173
2138	6370
5401	2138
5401	6802
5401	173
5401	6370
2631	2631
2631	379
2631	4660
2631	7088
4660	2631
4660	379
4660	4660
4660	7088
405	2631
405	379
405	4660
405	7088
4390	4390
4390	2616
4390	4306
4390	5286
4390	6837
6837	4390
6837	2616
6837	4306
6837	5286
6837	6837
2616	4390
2616	2616
2616	4306
2616	5286
2616	6837
6340	1928
6340	6654
6340	2681
6340	4330
6340	1090
6340	5866
6340	3408
6340	5623
6340	4512
6340	6340
6340	6655
5623	1928
5623	6654
5623	2681
5623	4330
5623	1090
5623	5866
5623	3408
5623	5623
5623	4512
5623	6340
5623	6655
1090	1928
1090	6654
1090	2681
1090	4330
1090	1090
1090	5866
1090	3408
1090	5623
1090	4512
1090	6340
1090	6655
1147	1928
1147	6654
1147	2681
1147	4330
1147	1090
1147	5866
1147	3408
1147	5623
1147	4512
1147	6340
1147	6655
2681	1928
2681	6654
2681	2681
2681	4330
2681	1090
2681	5866
2681	3408
2681	5623
2681	4512
2681	6340
2681	6655
5676	1928
5676	6654
5676	2681
5676	4330
5676	1090
5676	5866
5676	3408
5676	5623
5676	4512
5676	6340
5676	6655
1782	1928
1782	6654
1782	2681
1782	4330
1782	1090
1782	5866
1782	3408
1782	5623
1782	4512
1782	6340
1782	6655
6655	1928
6655	6654
6655	2681
6655	4330
6655	1090
6655	5866
6655	3408
6655	5623
6655	4512
6655	6340
6655	6655
4512	1928
4512	6654
4512	2681
4512	4330
4512	1090
4512	5866
4512	3408
4512	5623
4512	4512
4512	6340
4512	6655
3408	1928
3408	6654
3408	2681
3408	4330
3408	1090
3408	5866
3408	3408
3408	5623
3408	4512
3408	6340
3408	6655
3452	1928
3452	6654
3452	2681
3452	4330
3452	1090
3452	5866
3452	3408
3452	5623
3452	4512
3452	6340
3452	6655
849	849
2635	2635
2330	2330
1145	999
1145	5517
1145	3016
1145	1145
1145	1553
1145	6602
1145	2453
6602	999
6602	5517
6602	3016
6602	1145
6602	1553
6602	6602
6602	2453
3016	999
3016	5517
3016	3016
3016	1145
3016	1553
3016	6602
3016	2453
1553	999
1553	5517
1553	3016
1553	1145
1553	1553
1553	6602
1553	2453
3248	999
3248	5517
3248	3016
3248	1145
3248	1553
3248	6602
3248	2453
1473	1473
4576	4576
6641	6641
7037	7037
2294	2294
1959	1959
3593	3593
3114	3114
7004	7004
3873	3873
5327	5327
3101	5327
5837	5837
6048	4577
6048	921
6048	6048
6048	2674
4577	4577
4577	921
4577	6048
4577	2674
921	4577
921	921
921	6048
921	2674
4056	4577
4056	921
4056	6048
4056	2674
5204	5204
1882	1882
5718	1496
5718	5718
5500	1496
5500	5718
4237	4237
2490	2490
4759	4759
5581	732
5581	2062
5581	2893
5581	5581
5581	3403
2062	732
2062	2062
2062	2893
2062	5581
2062	3403
2893	732
2893	2062
2893	2893
2893	5581
2893	3403
3403	732
3403	2062
3403	2893
3403	5581
3403	3403
3833	3833
393	393
2321	2321
6371	6371
6209	6371
1589	1589
3437	3437
3374	3437
3360	3360
3835	3360
3396	3396
3319	2289
3319	3319
3319	3551
3319	1858
1858	2289
1858	3319
1858	3551
1858	1858
5459	2289
5459	3319
5459	3551
5459	1858
2289	2289
2289	3319
2289	3551
2289	1858
1478	1478
2136	2136
3519	3519
6346	6346
6346	4441
6346	6040
5858	5869
3646	3646
1267	1268
3088	3088
6302	6302
62	62
62	1014
2809	6137
2809	251
2809	408
2809	7008
2809	5300
4090	4090
5582	5720
5582	3802
5582	2245
6129	6129
2792	2792
4459	4459
674	818
674	2856
674	4012
674	2475
674	674
674	1807
674	7093
2856	818
2856	2856
2856	4012
2856	2475
2856	674
2856	1807
2856	7093
2475	818
2475	2856
2475	4012
2475	2475
2475	674
2475	1807
2475	7093
4012	818
4012	2856
4012	4012
4012	2475
4012	674
4012	1807
4012	7093
818	818
818	2856
818	4012
818	2475
818	674
818	1807
818	7093
2917	2917
1458	1458
1458	2296
2296	1458
2296	2296
5008	5008
2044	2044
618	618
6637	6271
6637	2254
6637	5455
6637	2276
6637	3138
6637	4268
6637	3207
6637	1551
2254	6271
2254	2254
2254	5455
2254	2276
2254	3138
2254	4268
2254	3207
2254	1551
5455	6271
5455	2254
5455	5455
5455	2276
5455	3138
5455	4268
5455	3207
5455	1551
6603	6271
6603	2254
6603	5455
6603	2276
6603	3138
6603	4268
6603	3207
6603	1551
1331	6271
1331	2254
1331	5455
1331	2276
1331	3138
1331	4268
1331	3207
1331	1551
3207	6271
3207	2254
3207	5455
3207	2276
3207	3138
3207	4268
3207	3207
3207	1551
4268	6271
4268	2254
4268	5455
4268	2276
4268	3138
4268	4268
4268	3207
4268	1551
6271	6271
6271	2254
6271	5455
6271	2276
6271	3138
6271	4268
6271	3207
6271	1551
5939	6271
5939	2254
5939	5455
5939	2276
5939	3138
5939	4268
5939	3207
5939	1551
205	205
4457	4457
4681	4681
5331	4842
5331	5331
743	5947
743	2286
743	4476
2286	5947
2286	2286
2286	4476
1872	5947
1872	2286
1872	4476
5947	5947
5947	2286
5947	4476
5755	5755
2533	2533
1823	1823
1709	1709
4983	4983
4978	4978
3411	3411
5254	6294
5254	5254
2957	2957
5677	5677
1728	2969
1730	2969
2969	2969
4924	4924
6207	6207
3312	836
3312	1668
3312	4321
463	2038
588	588
1739	4995
1739	1739
6295	6295
5478	5478
5478	5622
5478	6738
6738	5478
6738	5622
6738	6738
4739	4739
6515	1691
6515	6515
6203	6203
6203	6468
5036	5036
7102	7102
1129	1129
6691	6691
1662	6780
1662	1304
1662	1662
1662	4747
1662	2965
1662	1843
1322	6780
1322	1304
1322	1662
1322	4747
1322	2965
1322	1843
1298	6780
1298	1304
1298	1662
1298	4747
1298	2965
1298	1843
1843	6780
1843	1304
1843	1662
1843	4747
1843	2965
1843	1843
3491	3491
5876	858
5876	6049
5876	5876
858	858
858	6049
858	5876
6380	6408
4075	4075
3530	3530
5002	5002
698	4845
4688	1292
4688	4688
4688	4551
1293	1292
1293	4688
1293	4551
4551	1292
4551	4688
4551	4551
2356	1292
2356	4688
2356	4551
439	439
446	446
446	6096
6096	446
6096	6096
2151	2151
2657	2657
2657	6908
3816	4507
4507	4507
2278	2278
4772	4772
2282	2282
663	280
5448	5448
2292	2292
2292	884
2292	1852
2301	2292
2301	884
2301	1852
5242	6217
5242	5242
777	777
5332	5332
5332	924
5332	5110
5332	1334
2091	5332
2091	924
2091	5110
2091	1334
924	5332
924	924
924	5110
924	1334
5988	5988
5218	5218
3173	1654
1654	1654
2035	3321
2035	2035
3321	3321
3321	2035
3450	3450
2309	2309
3013	4160
3013	6485
5606	4160
5606	6485
1414	4160
1414	6485
3313	5361
3313	707
3313	1904
3313	3313
3313	4255
1904	5361
1904	707
1904	1904
1904	3313
1904	4255
5378	5361
5378	707
5378	1904
5378	3313
5378	4255
5836	5361
5836	707
5836	1904
5836	3313
5836	4255
3425	3627
3425	6961
3425	1264
6961	3627
6961	6961
6961	1264
3627	3627
3627	6961
3627	1264
1264	3627
1264	6961
1264	1264
5299	5299
4680	6704
4680	4680
6704	6704
6704	4680
4440	5656
4440	4013
4440	6933
4440	4440
4440	2666
4440	2034
4440	5692
4440	2629
5656	5656
5656	4013
5656	6933
5656	4440
5656	2666
5656	2034
5656	5692
5656	2629
4013	5656
4013	4013
4013	6933
4013	4440
4013	2666
4013	2034
4013	5692
4013	2629
2034	5656
2034	4013
2034	6933
2034	4440
2034	2666
2034	2034
2034	5692
2034	2629
2666	5656
2666	4013
2666	6933
2666	4440
2666	2666
2666	2034
2666	5692
2666	2629
3116	5656
3116	4013
3116	6933
3116	4440
3116	2666
3116	2034
3116	5692
3116	2629
2496	2496
6075	2419
6075	6075
6075	5902
5902	2419
5902	6075
5902	5902
1829	2419
1829	6075
1829	5902
6775	2419
6775	6075
6775	5902
2419	2419
2419	6075
2419	5902
6437	6437
6960	6960
2244	4588
2244	2244
2723	2723
1922	1922
3448	3542
2887	3208
3208	3208
4776	4776
6310	6310
3743	3743
2409	2409
2319	6944
2319	2319
1246	6944
1246	2319
3499	3499
2433	2188
2433	6261
2433	2433
4932	2188
4932	6261
4932	2433
2188	2188
2188	6261
2188	2433
4470	4470
1797	1797
434	6460
434	434
6460	6460
6460	434
3884	3884
3350	3350
4735	4735
6235	6596
6235	6235
6235	3768
6596	6596
6596	6235
6596	3768
5848	6596
5848	6235
5848	3768
5870	5870
6992	6992
5447	5447
1655	1655
966	966
6564	6564
4413	4413
5826	5826
1296	6506
1296	4673
1296	1296
6506	6506
6506	4673
6506	1296
5117	6506
5117	4673
5117	1296
5482	5482
5262	700
5262	5262
700	700
700	5262
2740	2740
2596	820
2596	5268
2596	2596
820	820
820	5268
820	2596
5268	820
5268	5268
5268	2596
522	522
4391	522
2751	2751
3183	3183
3420	3420
3420	5982
5982	3420
5982	5982
6549	6549
7009	7009
5530	5530
2262	2262
151	151
3643	3643
2768	3643
3872	3872
5356	5335
2060	1887
2060	629
1887	1887
1887	629
3521	1887
3521	629
629	1887
629	629
5845	5845
865	865
4829	4829
738	738
4738	4738
6523	4671
6523	3250
6523	6523
3949	4671
3949	3250
3949	6523
5872	4671
5872	3250
5872	6523
3250	4671
3250	3250
3250	6523
4671	4671
4671	3250
4671	6523
3673	3673
678	678
2777	2777
3746	1981
3746	3746
733	3290
733	733
3290	3290
3290	733
5460	5460
3257	3257
6354	6354
6868	6868
584	6868
3065	3065
3249	3249
2510	2510
3413	3413
3391	4646
4646	4646
5126	5126
2815	2815
3399	3399
3492	3492
902	894
5602	5602
1468	1468
1468	2430
1501	1501
6991	6991
3930	3930
4709	2502
4709	4709
2502	2502
2502	4709
4574	4574
3518	3518
3518	4425
4425	3518
4425	4425
1487	1487
2680	3318
2680	2680
2680	4658
2680	2939
2680	3256
2680	5904
2680	5964
2473	3318
2473	2680
2473	4658
2473	2939
2473	3256
2473	5904
2473	5964
3256	3318
3256	2680
3256	4658
3256	2939
3256	3256
3256	5904
3256	5964
5624	3318
5624	2680
5624	4658
5624	2939
5624	3256
5624	5904
5624	5964
3318	3318
3318	2680
3318	4658
3318	2939
3318	3256
3318	5904
3318	5964
4001	3318
4001	2680
4001	4658
4001	2939
4001	3256
4001	5904
4001	5964
3899	6324
3899	3899
3899	859
859	6324
859	3899
859	859
1134	6324
1134	3899
1134	859
6324	6324
6324	3899
6324	859
5806	6324
5806	3899
5806	859
4774	4774
3548	3548
1318	1318
6842	6842
5691	5691
4389	4389
4389	5600
4389	1923
1923	4389
1923	5600
1923	1923
5600	4389
5600	5600
5600	1923
5051	5051
3274	4309
3274	4356
3274	3274
4309	4309
4309	4356
4309	3274
5490	4309
5490	4356
5490	3274
4356	4309
4356	4356
4356	3274
6784	6784
6784	112
6784	5025
6784	134
6784	5015
1443	6784
1443	112
1443	5025
1443	134
1443	5015
112	6784
112	112
112	5025
112	134
112	5015
5025	6784
5025	112
5025	5025
5025	134
5025	5015
6778	6778
4294	4294
5334	3723
5334	5907
5334	828
5334	5334
5334	358
5334	4531
5334	1073
828	3723
828	5907
828	828
828	5334
828	358
828	4531
828	1073
341	3723
341	5907
341	828
341	5334
341	358
341	4531
341	1073
6097	3723
6097	5907
6097	828
6097	5334
6097	358
6097	4531
6097	1073
1073	3723
1073	5907
1073	828
1073	5334
1073	358
1073	4531
1073	1073
3724	3723
3724	5907
3724	828
3724	5334
3724	358
3724	4531
3724	1073
3786	3786
4620	4620
2028	5104
2028	2028
2028	3701
2028	1464
2665	5104
2665	2028
2665	3701
2665	1464
3820	5104
3820	2028
3820	3701
3820	1464
6132	5104
6132	2028
6132	3701
6132	1464
848	848
2929	848
1650	1650
6079	1650
4993	4993
4553	4993
1320	1320
1320	6750
6750	1320
6750	6750
6399	6399
5345	6399
4571	6990
4571	773
4571	4571
773	6990
773	773
773	4571
4568	4568
3296	3296
5991	5991
4672	6472
4672	5997
4672	6470
4672	3708
4672	122
4672	1022
4672	6463
4672	6420
6420	6472
6420	5997
6420	6470
6420	3708
6420	122
6420	1022
6420	6463
6420	6420
6463	6472
6463	5997
6463	6470
6463	3708
6463	122
6463	1022
6463	6463
6463	6420
1193	1193
104	104
6473	6473
5698	5698
2864	2864
3234	776
3234	3234
776	776
776	3234
3494	4716
3494	3494
3494	904
4716	4716
4716	3494
4716	904
904	4716
904	3494
904	904
930	930
1208	1208
6799	6799
6799	5553
5553	6799
5553	5553
1574	1574
6925	6925
4245	6925
3460	2516
2516	2516
6707	6707
6707	1791
5297	6707
5297	1791
182	5529
3632	3632
1998	1998
6439	6439
6439	1800
2828	6439
2828	1800
2183	2183
146	146
4579	4579
6008	6008
442	6008
6051	6051
5764	2923
5764	5764
5348	5348
3876	3876
220	220
3066	2383
3066	3979
3066	6489
3066	3212
3066	3910
3066	7079
3066	2712
2383	2383
2383	3979
2383	6489
2383	3212
2383	3910
2383	7079
2383	2712
3658	2383
3658	3979
3658	6489
3658	3212
3658	3910
3658	7079
3658	2712
5471	5471
2975	2863
2975	3106
3106	2863
3106	3106
5922	5922
5572	5572
508	508
3217	3217
3217	3285
3837	3837
2545	2545
6099	6099
4436	6099
2892	2892
1974	1974
428	428
3905	3905
5728	5728
4141	4141
4141	1199
1199	4141
1199	1199
2866	2866
4328	4328
1422	1422
4207	4207
6139	6139
3848	3848
5636	5729
5636	5636
5636	1531
5729	5729
5729	5636
5729	1531
1531	5729
1531	5636
1531	1531
4062	4062
4062	2844
4062	3535
2844	4062
2844	2844
2844	3535
3535	4062
3535	2844
3535	3535
2194	2194
4386	4386
4733	4733
938	6499
938	938
2991	2747
2991	2991
2747	2747
2747	2991
6903	2538
6903	6906
6903	6903
2538	2538
2538	6906
2538	6903
3316	3316
3316	3959
3959	3316
3959	3959
4651	896
4651	4651
896	896
896	4651
4169	896
4169	4651
3635	3635
6757	6757
469	469
4923	838
4923	4923
4923	4947
838	838
838	4923
838	4947
1047	1047
3670	6722
3670	1586
3670	5193
3670	5640
3670	6391
3670	3019
4986	6722
4986	1586
4986	5193
4986	5640
4986	6391
4986	3019
6391	6722
6391	1586
6391	5193
6391	5640
6391	6391
6391	3019
1388	6722
1388	1586
1388	5193
1388	5640
1388	6391
1388	3019
2074	3986
2074	2074
3986	3986
3986	2074
5487	5862
3648	3648
823	823
5919	1427
756	1427
1584	1584
272	272
272	2713
4600	4600
2622	2622
5419	2996
2996	2996
2570	2996
2743	2743
5271	5271
5961	841
5961	2779
5961	54
5961	3946
5961	2141
3343	841
3343	2779
3343	54
3343	3946
3343	2141
54	841
54	2779
54	54
54	3946
54	2141
5307	6762
5307	5648
5307	5064
6762	6762
6762	5648
6762	5064
1428	4444
1428	2416
1428	1766
4444	4444
4444	2416
4444	1766
2416	4444
2416	2416
2416	1766
817	4444
817	2416
817	1766
6950	6950
6950	569
547	6950
547	569
3454	3454
2329	2329
2329	5070
6529	6529
2373	2373
5972	5972
505	505
4175	4175
944	944
5846	5846
3440	3440
6613	6613
5154	6613
6395	6395
1281	1622
1622	1622
2870	2870
2870	2995
5238	5238
5238	246
246	5238
246	246
96	5238
96	246
3151	5238
3151	246
142	5238
142	246
6103	2372
2372	2372
1711	1711
4518	5657
4518	1432
5657	5657
5657	1432
3334	3334
2868	2868
1713	1713
2417	2417
2814	2814
1688	6284
1688	5426
3721	6284
3721	5426
2100	2100
4650	4168
4650	4650
2554	2554
1761	2554
4792	4792
967	967
967	127
127	967
127	127
3298	3298
6430	6430
4612	4468
1892	1892
1892	3332
1892	3200
1892	5625
3200	1892
3200	3332
3200	3200
3200	5625
3332	1892
3332	3332
3332	3200
3332	5625
4605	4605
4437	4437
5269	1265
1265	1265
5375	5375
247	247
3149	3149
5130	5130
4906	6328
6017	6328
2926	2926
1794	1794
3052	3052
6142	6142
6142	1627
6142	4989
4989	6142
4989	1627
4989	4989
4595	4595
4595	3498
4595	3251
3251	4595
3251	3498
3251	3251
3498	4595
3498	3498
3498	3251
5726	5726
2426	1453
2426	1212
1181	1453
1181	1212
2900	2900
5979	5979
4077	4077
2873	2873
2873	1186
1186	2873
1186	1186
4560	4560
5147	5147
3055	3055
4443	4443
6118	1124
6118	6118
6118	210
1124	1124
1124	6118
1124	210
1305	1124
1305	6118
1305	210
3358	3358
1665	5563
5563	5563
3080	3080
4736	4736
3049	3049
835	4558
835	3653
835	835
4558	4558
4558	3653
4558	835
3653	4558
3653	3653
3653	835
1238	1238
6006	6006
4809	4809
4218	4218
4888	4888
3179	3179
5621	5621
5279	5279
5279	3419
3419	5279
3419	3419
1786	1786
2821	2821
6414	6414
2182	2182
5683	5683
2669	2669
5658	5709
5658	5658
4662	5709
4662	5658
1744	1744
5700	5700
2198	2198
6069	6069
6069	4034
3333	6069
3333	4034
5674	6069
5674	4034
4034	6069
4034	4034
1354	1354
775	775
4880	5810
5810	5810
566	6483
566	4370
6483	6483
6483	4370
6159	6483
6159	4370
5326	5326
2511	2511
803	803
596	1266
1266	1266
3227	1241
3227	3227
1241	1241
1241	3227
3155	1241
3155	3227
1651	1651
1651	3172
3172	1651
3172	3172
3344	3344
1332	1332
5346	633
5346	5346
2885	1434
2885	2885
3838	3838
2685	2685
1285	965
965	965
2407	2407
2789	2789
952	952
4890	952
3773	3773
3024	3024
17	17
17	1577
1577	17
1577	1577
6234	3520
6234	6234
2474	3520
2474	6234
3520	3520
3520	6234
474	3520
474	6234
3870	3965
3870	690
3965	3965
3965	690
690	3965
690	690
4623	712
4623	4130
1449	1449
5723	5723
4867	4867
4867	1440
7028	7028
4135	4135
2086	2086
2086	519
2086	1754
519	2086
519	519
519	1754
4193	2086
4193	519
4193	1754
1754	2086
1754	519
1754	1754
1048	2086
1048	519
1048	1754
108	108
5291	5291
4784	4784
2988	3083
6988	6988
4549	3762
4549	3266
4549	2046
4549	4549
5018	5018
3329	3329
3402	3402
4979	4979
1673	1673
5171	5171
3682	3682
3860	3860
1938	1938
4311	2819
4311	4311
1008	2819
1008	4311
3292	3292
5688	5763
3180	3180
3180	1632
1632	3180
1632	1632
6642	4079
6642	600
1647	1647
2258	2232
2258	6871
2258	4213
4213	2232
4213	6871
4213	4213
6871	2232
6871	6871
6871	4213
1151	2232
1151	6871
1151	4213
2337	2232
2337	6871
2337	4213
6821	6821
4099	4099
6544	6544
1758	1758
5934	5934
2535	2535
2268	5079
2268	2268
5079	5079
5079	2268
5838	5838
3605	3604
3605	3605
6298	6298
2427	2427
980	980
150	150
4100	4100
4100	2193
4100	925
2193	4100
2193	2193
2193	925
5829	5829
1788	378
378	378
2880	378
1219	1219
2335	2335
1107	1107
1399	1399
2441	2441
1356	1356
6573	6573
3842	3842
3626	3476
3476	3476
271	82
271	271
2127	2127
3389	3389
6681	6681
4179	4179
5796	5796
5992	1016
5992	5992
3898	3898
877	877
2093	2092
1252	874
3826	6148
1719	6148
6761	6761
116	116
6829	6829
5181	5181
6872	1571
6872	4885
1571	1571
1571	4885
3099	1571
3099	4885
3515	1571
3515	4885
959	1571
959	4885
2852	1571
2852	4885
1402	1402
2300	2299
2300	1381
6073	6073
4475	4475
6935	6935
1597	1597
3028	3028
5892	5892
1116	6818
1116	1116
5092	5092
6068	6068
7002	7002
1705	1705
212	212
483	483
483	2463
483	3841
483	3178
2463	483
2463	2463
2463	3841
2463	3178
3178	483
3178	2463
3178	3841
3178	3178
6326	6326
2513	2513
4384	2513
2612	2612
1572	4375
1572	1572
2003	2003
3595	3595
6723	6723
3310	3310
3310	3642
86	86
1086	1086
1774	1774
2445	1198
2445	813
2560	2560
1606	1606
1606	3186
3186	1606
3186	3186
3577	3577
491	491
5707	5707
3415	3415
7086	7086
3693	3693
1984	1984
4616	4616
4916	4916
5518	5516
5518	5518
4976	4976
5338	5338
4810	4810
5678	5678
5678	3736
4891	5678
4891	3736
4608	5678
4608	3736
2112	2112
5765	5765
1576	1576
1400	1828
1400	1400
1400	3811
1828	1828
1828	1400
1828	3811
6169	6169
4460	4460
1941	1941
4704	4704
4240	4240
4240	2402
4240	4047
4047	4240
4047	2402
4047	4047
3484	3484
3484	3338
3597	3484
3597	3338
6714	3484
6714	3338
2352	2352
6551	6551
3805	3805
5202	5202
3182	3182
4868	4868
2933	2933
3844	3844
1594	1549
1594	1594
6683	6683
6331	6331
1005	1005
6092	6092
6758	6092
5996	5996
243	243
5073	5073
6983	2019
6983	6983
2019	2019
2019	6983
5381	5381
881	881
881	1109
5931	881
5931	1109
1345	511
511	511
621	621
6667	6651
6667	6667
6667	4796
3074	6651
3074	6667
3074	4796
3141	6651
3141	6667
3141	4796
7091	5725
4091	4091
2109	2109
2162	2161
3486	2773
3486	4591
2773	2773
2773	4591
744	2773
744	4591
997	2773
997	4591
299	4950
4702	4702
6527	3563
6527	6527
3563	3563
3563	6527
5701	5701
6563	4938
5017	5017
2591	6385
2591	6345
2591	2591
6345	6385
6345	6345
6345	2591
3678	3678
7083	7083
5296	831
4105	4105
3934	3934
26	26
7095	7095
6222	6222
384	384
1833	1833
5812	5272
5812	2983
5272	5272
5272	2983
3027	5272
3027	2983
4035	4035
5467	5467
6522	6522
165	165
2460	2460
3550	3550
2340	2340
3375	3375
5667	5667
5928	5928
821	821
3598	821
4234	4234
6558	6558
6720	6720
6708	5710
3118	5710
5818	825
5818	2947
5818	2132
5818	2259
4067	825
4067	2947
4067	2132
4067	2259
2121	2121
4682	4682
170	170
4256	5864
4256	4256
5864	5864
5864	4256
300	300
162	162
5290	5290
3505	3505
5194	5194
5194	5778
47	47
1581	1581
1581	4211
3018	1581
3018	4211
2388	2388
313	313
5814	5814
3331	6390
6390	6390
6788	260
2623	1395
2623	3153
2623	2006
3153	1395
3153	3153
3153	2006
1258	1258
414	5146
414	6145
2140	5146
2140	6145
5146	5146
5146	6145
6145	5146
6145	6145
3436	3436
1095	1095
1536	1156
1536	1536
1156	1156
1156	1536
5354	696
5354	5354
3752	696
3752	5354
2651	2651
725	725
1069	1069
5766	5766
5766	1865
5879	5766
5879	1865
3890	3890
3479	3479
6258	6258
4555	2732
4555	1009
4555	4555
2732	2732
2732	1009
2732	4555
2621	2732
2621	1009
2621	4555
5891	5891
5891	4387
6845	6845
5715	5784
332	332
332	306
3528	3528
4926	4926
4926	4516
2688	2688
3191	3191
2534	2534
1106	1106
5781	5781
2304	2304
6406	6406
3529	3529
302	302
1002	3478
3478	3478
3967	3967
1125	1125
2461	2461
957	1869
1869	1869
6027	1869
3532	2966
2966	2966
1507	2966
1901	105
1901	1901
1901	888
6360	105
6360	1901
6360	888
4898	2455
4898	4059
4898	4898
4059	2455
4059	4059
4059	4898
2455	2455
2455	4059
2455	4898
5449	5449
5449	5456
4597	4597
6695	1192
6695	6695
3731	3731
1995	3731
6578	4767
6578	6578
6578	933
933	4767
933	6578
933	933
5247	4767
5247	6578
5247	933
3778	3778
4996	4996
1793	6709
1793	4144
1793	1793
6709	6709
6709	4144
6709	1793
3087	6709
3087	4144
3087	1793
3524	3524
1294	1294
6016	6016
1253	117
1253	1253
117	117
117	1253
5750	5750
3045	3045
4961	4961
4192	2783
5519	5519
5281	5281
4494	5281
4573	791
5320	791
5321	5321
758	758
2107	2107
2107	4304
2107	3984
4304	2107
4304	4304
4304	3984
4773	4773
2484	2484
4404	4404
2242	2242
6724	6724
3878	3878
6566	6566
3062	3062
6126	1498
6126	6126
25	25
3467	3467
6272	6272
6628	6628
4360	4360
5799	5799
192	3618
5873	5874
2537	2537
1491	1272
1491	1491
3428	5056
3428	3428
5072	5207
5706	5706
3579	3579
1336	1336
4092	4092
6745	6745
6359	6303
1526	1526
15	6623
1406	2810
5527	2810
6426	3545
6426	6426
3545	3545
3545	6426
6250	6250
3449	3449
2120	2120
4762	4715
4762	4762
4263	4263
4899	4899
692	692
3177	3177
3085	3177
6166	6166
3489	420
3489	3489
420	420
420	3489
6249	6249
5958	5955
6669	6669
3462	3462
2944	2944
5251	5251
3443	3443
6862	2312
2312	2312
4236	4236
5830	5830
5986	5986
5986	4194
4194	5986
4194	4194
6851	6854
6851	7060
2476	2207
6299	2207
3580	3580
3580	219
3354	3354
6374	6374
3246	6374
4000	333
4000	4000
6442	6442
1619	1619
1608	1608
6185	6185
6434	6434
415	415
396	396
6116	6116
6361	6361
464	464
2782	2782
2148	2148
4734	2148
1516	1516
4640	4640
1239	1239
6165	4543
4543	4543
3223	3223
440	440
1410	1410
824	824
377	5059
3015	3015
2518	3015
1303	3818
3818	3818
3293	3293
2266	2266
668	668
4802	4802
3322	3322
1832	1832
6352	6352
2013	6352
4329	4329
3734	3734
1777	1777
637	637
4474	4474
4038	4038
4021	4021
1678	1678
5182	5182
4936	4936
1560	1560
1560	6221
6319	6319
563	563
4637	4637
1971	1971
6660	6660
4626	4626
5463	5463
4427	4427
4427	5325
1854	1854
4058	4058
5743	5743
982	982
1703	1703
5768	5768
4663	4663
672	672
1564	2757
4562	4382
203	6117
4121	4121
527	527
6751	6751
1547	1547
2471	2471
3809	3809
5102	5102
381	6756
918	918
3458	3458
3977	3977
757	757
3720	6056
3559	3559
6300	6300
5033	5033
6682	6682
4420	4420
2588	3971
2588	6994
3971	3971
3971	6994
4319	4319
613	613
3900	3900
7020	3900
3947	3900
3281	3281
1841	1874
411	411
418	418
3566	3566
3566	2578
44	1061
44	44
2719	2719
5672	3493
5672	5672
3493	3493
3493	5672
6405	6405
529	529
4943	4943
4943	3264
4943	2654
6490	4943
6490	3264
6490	2654
6678	6678
6678	5496
3594	6678
3594	5496
3386	3386
4409	4409
5040	5040
3317	1751
5492	699
3531	699
4729	4729
5275	5275
1985	1985
2449	2449
5603	5603
1062	1062
1062	951
1157	1157
545	545
3236	3236
6974	6974
6661	6661
4495	4495
3757	4050
5753	4050
6832	6832
2934	2934
1127	1127
4295	4295
5086	5086
1311	1311
2763	2763
5152	5152
1481	1481
7092	7092
1404	1404
223	223
5313	5313
188	188
188	6595
4862	4862
5785	5785
6143	6143
1628	1628
1991	1991
4696	4696
5597	5597
187	187
4815	4815
6497	6497
2099	2099
1513	1513
1513	3213
6634	6634
6541	6541
4525	4525
3903	3903
3309	3309
3470	3470
2943	2943
1482	1482
1282	1282
2175	1282
5577	5577
5230	5230
5230	6255
4300	4300
199	199
6607	6607
3819	3819
7119	7119
3006	3006
4142	4142
864	4142
6576	6576
3446	3446
2457	2457
2687	2687
531	531
5428	5428
289	282
3100	3100
4534	4534
3406	3406
3664	3664
739	4517
739	2235
4619	4517
4619	2235
1613	4517
1613	2235
4517	4517
4517	2235
2235	4517
2235	2235
3156	3156
3473	3473
4538	4538
1968	1968
1517	1517
6638	1517
857	857
6454	6454
284	284
284	2042
2042	284
2042	2042
5408	5408
4433	4433
4400	4400
5655	5655
5655	1043
124	2919
1180	2919
167	2919
2919	2919
3373	3421
3291	3291
390	390
3311	3311
3779	3779
3779	1279
3779	5925
2890	2890
6067	6067
3541	3541
2223	3541
362	362
1681	362
5103	5103
4987	4987
2218	2218
145	145
4895	4895
5650	5650
5650	1409
3394	3654
3394	3394
3394	3126
1351	1351
5499	5499
4273	5719
6942	6942
4527	4527
2552	2552
1992	1992
4764	4764
2894	2894
2894	2375
2166	2178
4925	4925
489	487
3614	3614
4260	4260
6369	6369
152	152
5233	5233
6892	6892
6739	6739
3461	3461
1044	1044
1044	6000
6000	1044
6000	6000
1781	1044
1781	6000
2210	2210
5382	5382
4007	4007
2922	2922
2888	2888
4402	4402
1663	1663
4580	4580
3696	3696
6550	6550
7015	2717
2717	2717
6402	6402
1319	1319
2332	2332
1451	1451
5594	5594
2261	2261
6052	6052
6338	6338
1087	1087
81	81
4172	81
2982	2982
5629	2982
4101	4101
7047	7047
6586	6586
153	153
5041	5041
942	942
3996	3996
3144	3996
4312	4312
5900	5900
1642	4823
4823	4823
3685	3685
1596	1596
2231	2231
4403	4403
3260	3260
2467	2467
1652	1652
4320	4320
1248	1248
5249	5249
2054	2054
3896	1405
1405	1405
2936	2936
3941	3941
3891	3891
2170	2170
6806	6806
2236	2052
2236	2236
1970	2052
1970	2236
5465	5465
4419	4419
1533	1533
2865	2865
4514	2865
6036	6036
3737	3737
986	986
3882	3882
1997	1997
6713	6713
6675	6675
39	39
3564	3564
7064	7064
2664	2664
2770	3684
3565	3565
328	553
4199	4199
4011	4011
5305	554
554	554
4239	4230
132	551
3583	3583
4980	4980
4779	4779
1698	1698
5352	5352
3441	3441
5317	4722
7017	5921
7017	6064
1077	5921
1077	6064
6064	5921
6064	6064
5921	5921
5921	6064
3409	3409
6891	5820
6891	6834
6891	68
5820	5820
5820	6834
5820	68
6366	6366
1289	1289
6189	6189
4072	4072
3412	3412
1493	1493
472	472
301	301
6685	6685
4188	4188
6583	981
4324	4324
1570	1570
6413	6413
4731	4731
4299	4299
635	635
1364	1364
2404	2404
5016	5016
3556	3556
2735	2735
1072	1072
7120	168
3503	4723
3503	4698
4723	4723
4723	4698
3086	3086
541	541
6952	6952
1614	1614
3091	3091
2094	2094
3012	3012
6592	6592
6161	6161
1842	1842
1387	1387
3970	3970
6386	6386
5316	5316
634	1674
1030	1030
2428	2428
2930	255
2930	1593
6795	255
6795	1593
1817	255
1817	1593
255	255
255	1593
6672	255
6672	1593
3359	3359
5832	5832
5770	5770
5552	5552
3314	388
5803	5716
5803	5803
1058	1058
4094	4094
4410	4410
2774	2754
6804	6804
6721	6721
6671	6671
4379	4379
4787	1565
4787	3356
6243	1565
6243	3356
1565	1565
1565	3356
3356	1565
3356	3356
3457	3457
4874	4874
2736	2736
1946	1946
2607	2607
6492	6492
5844	5844
1051	1051
456	456
3082	1977
4766	4766
4030	5308
5349	5308
4458	5308
2269	2269
319	319
3349	3349
6884	6884
3110	6884
3742	3742
6077	6077
4326	4326
1357	1357
2022	2022
2067	2067
771	771
684	684
2784	2784
1470	1470
1675	1675
3136	3136
1347	1347
2992	1347
406	406
4609	4609
57	57
3791	3791
216	216
652	2903
3857	3857
1799	1799
5983	5983
2217	2217
6195	6195
3845	4415
3939	3939
4725	4725
6022	6022
3980	3980
4964	4964
6276	6276
6684	6684
1914	1914
2586	2586
7001	7001
2594	2594
4164	4164
5762	5762
242	242
1128	1128
42	42
1010	1010
1686	4703
498	498
6662	6662
6744	6744
762	762
6131	6131
4423	4423
6065	6065
5488	915
5488	5488
1150	1149
4717	3995
4717	3662
3662	3995
3662	3662
1144	513
1196	513
2714	2714
4857	4857
752	752
2980	2980
320	320
13	16
3869	4152
4631	4596
5301	5301
4556	4278
4594	4594
2775	2775
4761	4761
6725	3865
1337	1337
6741	6741
1114	1114
1583	1583
2739	2739
4904	4904
876	876
6528	6528
351	351
786	351
6070	6070
6070	5547
5547	6070
5547	5547
1442	1442
3659	1442
2920	2920
5661	5661
6620	6620
1384	1384
2935	2935
2985	2985
3753	3753
1160	1191
1160	1160
4191	4191
1769	1769
7105	7105
49	49
2636	2636
2488	2488
3372	3372
4728	4728
5881	1835
1835	1835
2401	1835
1967	1967
910	910
2649	2649
2677	6223
2730	2727
2931	2931
2528	2528
3157	2984
2760	2984
1283	1287
2033	2033
3143	3143
1200	1200
3431	3431
1176	1176
5114	1235
1235	1235
3242	3242
1779	1779
5283	6393
6393	6393
1505	1505
3073	3073
30	30
2881	2881
6090	6090
6510	6510
4917	4917
375	375
2728	2728
4198	4198
2771	4198
1421	1421
5255	5255
7007	1250
6902	6902
4174	4174
4628	4628
5285	5285
4957	4957
6937	6937
93	6937
3650	3650
3790	3790
6985	6947
1194	1194
186	3279
4973	4973
1146	1146
6285	6285
6427	6427
3909	3909
5376	5376
6106	5644
3286	3286
3286	6071
1485	3286
1485	6071
2378	2378
5977	5977
2209	2209
228	972
6930	6930
4140	4127
479	479
1302	1302
5422	5422
1015	1015
760	760
3324	3324
3167	3167
6609	6609
4757	4757
1867	1867
5091	5091
6587	6587
1280	1280
5647	5647
4972	4972
3272	3764
3764	3764
3328	3328
1251	3196
3196	3196
4408	4408
1075	1075
6462	6462
6565	6531
344	344
3795	3795
4737	4737
2972	2972
6800	6800
5923	5923
677	677
5616	5616
6921	2494
1601	1601
4832	4832
4902	4832
6670	4832
1603	1603
5387	5387
5821	5821
734	734
3923	3923
4150	4150
4994	5071
3135	3135
6590	6590
5941	5941
5918	5918
5493	5493
2753	2753
834	834
6158	6158
1771	1771
2734	2734
6673	6673
1710	1710
274	274
979	4968
5278	5278
4581	4581
38	38
5034	5034
218	218
1092	1092
1256	1256
6945	6945
6382	6382
5628	5628
3174	3174
6179	6179
161	161
5555	2071
279	279
438	438
5962	5962
1915	1915
1375	1375
5394	5394
7073	4720
6475	6475
478	478
6378	478
